# Blender 3.6.0
# www.blender.org
mtllib untitled.mtl
o Cube
v -2.002642 0.368440 -0.952687
v -1.691918 1.269958 -0.953249
v 1.644881 -0.888803 -1.047825
v 1.955605 0.012714 -1.048387
v -1.955605 0.353476 1.048387
v -1.644881 1.254994 1.047825
v 1.691918 -0.903767 0.953249
v 2.002642 -0.002250 0.952687
vn -0.3259 -0.9454 0.0006
vn 0.9451 -0.3258 -0.0247
vn 0.0235 -0.0075 0.9997
vn 0.3259 0.9454 -0.0006
vn -0.0235 0.0075 -0.9997
vn -0.9451 0.3258 0.0247
vt 0.625000 0.500000
vt 0.875000 0.500000
vt 0.875000 0.750000
vt 0.625000 0.750000
vt 0.375000 0.750000
vt 0.625000 1.000000
vt 0.375000 1.000000
vt 0.375000 0.000000
vt 0.625000 0.000000
vt 0.625000 0.250000
vt 0.375000 0.250000
vt 0.125000 0.500000
vt 0.375000 0.500000
vt 0.125000 0.750000
s 0
usemtl Material
f 1/1/1 3/4/1 7/3/1 5/2/1
f 4/5/2 8/7/2 7/6/2 3/4/2
f 8/8/3 6/11/3 5/10/3 7/9/3
f 6/12/4 8/14/4 4/5/4 2/13/4
f 2/13/5 4/5/5 3/4/5 1/1/5
f 6/11/6 2/13/6 1/1/6 5/10/6
o Cube.001
v -1.621800 1.245850 -0.858561
v -1.285482 2.221625 -0.859170
v 0.339648 0.569770 -0.909722
v 0.675967 1.545545 -0.910330
v -1.606409 1.240953 -0.203772
v -1.270091 2.216729 -0.204380
v 0.355039 0.564873 -0.254932
v 0.691358 1.540649 -0.255540
vn -0.0235 0.0075 -0.9997
vn 0.9451 -0.3258 -0.0247
vn 0.0235 -0.0075 0.9997
vn -0.9451 0.3258 0.0247
vn -0.3259 -0.9454 0.0006
vn 0.3259 0.9454 -0.0006
vt 0.375000 0.000000
vt 0.625000 0.000000
vt 0.625000 0.250000
vt 0.375000 0.250000
vt 0.625000 0.500000
vt 0.375000 0.500000
vt 0.625000 0.750000
vt 0.375000 0.750000
vt 0.625000 1.000000
vt 0.375000 1.000000
vt 0.125000 0.500000
vt 0.125000 0.750000
vt 0.875000 0.500000
vt 0.875000 0.750000
s 0
f 9/15/7 10/16/7 12/17/7 11/18/7
f 11/18/8 12/17/8 16/19/8 15/20/8
f 15/20/9 16/19/9 14/21/9 13/22/9
f 13/22/10 14/21/10 10/23/10 9/24/10
f 11/25/11 15/20/11 13/22/11 9/26/11
f 16/19/12 12/27/12 10/28/12 14/21/12
